0
6
11
17
23
28
33
39
44
49
53
58
62
66
70
74
77
80
82
85
87
88
89
90
91
91
91
90
89
88
87
85
82
80
77
74
70
66
62
58
53
49
44
39
33
28
23
17
11
6
0
-6
-11
-17
-23
-28
-33
-39
-44
-49
-53
-58
-62
-66
-70
-74
-77
-80
-82
-85
-87
-88
-89
-90
-91
-91
-91
-90
-89
-88
-87
-85
-82
-80
-77
-74
-70
-66
-62
-58
-53
-49
-44
-39
-33
-28
-23
-17
-11
-6
0
6
11
17
23
28
33
39
44
49
53
58
62
66
70
74
77
80
82
85
87
88
89
90
91
91
91
90
89
88
87
85
82
80
77
74
70
66
62
58
53
49
44
39
33
28
23
17
11
6
0
-6
-11
-17
-23
-28
-33
-39
-44
-49
-53
-58
-62
-66
-70
-74
-77
-80
-82
-85
-87
-88
-89
-90
-91
-91
-91
-90
-89
-88
-87
-85
-82
-80
-77
-74
-70
-66
-62
-58
-53
-49
-44
-39
-33
-28
-23
-17
-11
-6
0
6
11
17
23
28
33
39
44
49
53
58
62
66
70
74
77
80
82
85
87
88
89
90
91
91
91
90
89
88
87
85
82
80
77
74
70
66
62
58
53
49
44
39
33
28
23
17
11
6
0
-6
-11
-17
-23
-28
-33
-39
-44
-49
-53
-58
-62
-66
-70
-74
-77
-80
-82
-85
-87
-88
-89
-90
-91
-91
-91
-90
-89
-88
-87
-85
-82
-80
-77
-74
-70
-66
-62
-58
-53
-49
-44
-39
-33
-28
-23
-17
-11
-6
0
6
11
17
23
28
33
39
44
49
53
58
62
66
70
74
77
80
82
85
87
88
89
90
91
91
91
90
89
88
87
85
82
80
77
74
70
66
62
58
53
49
44
39
33
28
23
17
11
6
0
-6
-11
-17
-23
-28
-33
-39
-44
-49
-53
-58
-62
-66
-70
-74
-77
-80
-82
-85
-87
-88
-89
-90
-91
-91
-91
-90
-89
-88
-87
-85
-82
-80
-77
-74
-70
-66
-62
-58
-53
-49
-44
-39
-33
-28
-23
-17
-11
-6
0
6
11
17
23
28
33
39
44
49
53
58
62
66
70
74
77
80
82
85
87
88
89
90
91
91
91
90
89
88
87
85
82
80
77
74
70
66
62
58
53
49
44
39
33
28
23
17
11
6
0
-6
-11
-17
-23
-28
-33
-39
-44
-49
-53
-58
-62
-66
-70
-74
-77
-80
-82
-85
-87
-88
-89
-90
-91
-91
-91
-90
-89
-88
-87
-85
-82
-80
-77
-74
-70
-66
-62
-58
-53
-49
-44
-39
-33
-28
-23
-17
-11
-6
0
6
11
17
23
28
33
39
44
49
53
58
62
66
70
74
77
80
82
85
87
88
89
90
91
91
91
90
89
88
87
85
82
80
77
74
70
66
62
58
53
49
44
39
33
28
23
17
11
6
0
-6
-11
-17
-23
-28
-33
-39
-44
-49
-53
-58
-62
-66
-70
-74
-77
-80
-82
-85
-87
-88
-89
-90
-91
-91
-91
-90
-89
-88
-87
-85
-82
-80
-77
-74
-70
-66
-62
-58
-53
-49
-44
-39
-33
-28
-23
-17
-11
-6
0
6
11
17
23
28
33
39
44
49
53
58
62
66
70
74
77
80
82
85
87
88
89
90
91
91
91
90
89
88
87
85
82
80
77
74
70
66
62
58
53
49
44
39
33
28
23
17
11
6
0
-6
-11
-17
-23
-28
-33
-39
-44
-49
-53
-58
-62
-66
-70
-74
-77
-80
-82
-85
-87
-88
-89
-90
-91
-91
-91
-90
-89
-88
-87
-85
-82
-80
-77
-74
-70
-66
-62
-58
-53
-49
-44
-39
-33
-28
-23
-17
-11
-6
0
6
11
17
23
28
33
39
44
49
53
58
62
66
70
74
77
80
82
85
87
88
89
90
91
91
91
90
89
88
87
85
82
80
77
74
70
66
62
58
53
49
44
39
33
28
23
17
11
6
0
-6
-11
-17
-23
-28
-33
-39
-44
-49
-53
-58
-62
-66
-70
-74
-77
-80
-82
-85
-87
-88
-89
-90
-91
-91
-91
-90
-89
-88
-87
-85
-82
-80
-77
-74
-70
-66
-62
-58
-53
-49
-44
-39
-33
-28
-23
-17
-11
-6
0
6
11
17
23
28
33
39
44
49
53
58
62
66
70
74
77
80
82
85
87
88
89
90
91
91
91
90
89
88
87
85
82
80
77
74
70
66
62
58
53
49
44
39
33
28
23
17
11
6
0
-6
-11
-17
-23
-28
-33
-39
-44
-49
-53
-58
-62
-66
-70
-74
-77
-80
-82
-85
-87
-88
-89
-90
-91
-91
-91
-90
-89
-88
-87
-85
-82
-80
-77
-74
-70
-66
-62
-58
-53
-49
-44
-39
-33
-28
-23
-17
-11
-6
0
6
11
17
23
28
33
39
44
49
53
58
62
66
70
74
77
80
82
85
87
88
89
90
91
91
91
90
89
88
87
85
82
80
77
74
70
66
62
58
53
49
44
39
33
28
23
17
11
6
0
-6
-11
-17
-23
-28
-33
-39
-44
-49
-53
-58
-62
-66
-70
-74
-77
-80
-82
-85
-87
-88
-89
-90
-91
-91
-91
-90
-89
-88
-87
-85
-82
-80
-77
-74
-70
-66
-62
-58
-53
